 [1] "a"            "ages"         "ages.m"       "bam.totC"     "Cbam"         "Chat"        
 [7] "cpue"         "cpue.dtrip"   "cpue.m"       "dmort.bam"    "dprop"        "dprop.m"     
[13] "dtrips"       "eff"          "eff_data"     "effort"       "effort.m"     "Etype"       
[19] "F30"          "Fa.bam"       "Fa.m"         "Fcur"         "Fcur.m"       "Ft"          
[25] "La"           "La.m"         "Ma.bam"       "Ma.m"         "Ma.m1"        "maxage"      
[31] "Mtarg"        "Na.bam"       "Na.calc"      "Na.spline"    "nages"        "ntsteps"     
[37] "nyrs"         "obj"          "q"            "qF.base"      "qF.m"         "qU.base"     
[43] "qU.m"         "Rbiascor"     "Ro"           "Rsigma"       "selex.bam"    "selex.m"     
[49] "smspl"        "spawn"        "spawn.m"      "surv0"        "survF"        "tot_harvest" 
[55] "tot_releases" "Ucur"         "Ut"           "Wa.m"         "Za.bam"       "Za.m"        

--- a ---
[1] 240

--- ages ---
 [1]  1  2  3  4  5  6  7  8  9 10 11 12 13 14 15 16 17 18 19 20

--- ages.m ---
  [1]  1.00  1.08  1.17  1.25  1.33  1.42  1.50  1.58  1.67  1.75  1.83  1.92  2.00  2.08
 [15]  2.17  2.25  2.33  2.42  2.50  2.58  2.67  2.75  2.83  2.92  3.00  3.08  3.17  3.25
 [29]  3.33  3.42  3.50  3.58  3.67  3.75  3.83  3.92  4.00  4.08  4.17  4.25  4.33  4.42
 [43]  4.50  4.58  4.67  4.75  4.83  4.92  5.00  5.08  5.17  5.25  5.33  5.42  5.50  5.58
 [57]  5.67  5.75  5.83  5.92  6.00  6.08  6.17  6.25  6.33  6.42  6.50  6.58  6.67  6.75
 [71]  6.83  6.92  7.00  7.08  7.17  7.25  7.33  7.42  7.50  7.58  7.67  7.75  7.83  7.92
 [85]  8.00  8.08  8.17  8.25  8.33  8.42  8.50  8.58  8.67  8.75  8.83  8.92  9.00  9.08
 [99]  9.17  9.25  9.33  9.42  9.50  9.58  9.67  9.75  9.83  9.92 10.00 10.08 10.17 10.25
[113] 10.33 10.42 10.50 10.58 10.67 10.75 10.83 10.92 11.00 11.08 11.17 11.25 11.33 11.42
[127] 11.50 11.58 11.67 11.75 11.83 11.92 12.00 12.08 12.17 12.25 12.33 12.42 12.50 12.58
[141] 12.67 12.75 12.83 12.92 13.00 13.08 13.17 13.25 13.33 13.42 13.50 13.58 13.67 13.75
[155] 13.83 13.92 14.00 14.08 14.17 14.25 14.33 14.42 14.50 14.58 14.67 14.75 14.83 14.92
[169] 15.00 15.08 15.17 15.25 15.33 15.42 15.50 15.58 15.67 15.75 15.83 15.92 16.00 16.08
[183] 16.17 16.25 16.33 16.42 16.50 16.58 16.67 16.75 16.83 16.92 17.00 17.08 17.17 17.25
[197] 17.33 17.42 17.50 17.58 17.67 17.75 17.83 17.92 18.00 18.08 18.17 18.25 18.33 18.42
[211] 18.50 18.58 18.67 18.75 18.83 18.92 19.00 19.08 19.17 19.25 19.33 19.42 19.50 19.58
[225] 19.67 19.75 19.83 19.92 20.00 20.08 20.17 20.25 20.33 20.42 20.50 20.58 20.67 20.75
[239] 20.83 20.92

--- bam.totC ---
               1           2          3          4          5         6          7          8
1950    1.118981    4.095897   3.350207   2.748033   2.292651  1.933061  1.6421680  1.4027960
1951    1.489515    5.466100   4.543852   3.729072   3.111115  2.623145  2.2284000  1.9035720
1952    1.131294    4.154593   3.456091   2.882494   2.406111  2.028733  1.7234430  1.4722230
1953    1.146703    4.214859   3.515262   2.934074   2.488982  2.099716  1.7837500  1.5237400
1954    1.685097    6.177586   5.155761   4.314374   3.662649  3.140043  2.6689300  2.2798930
1955    2.805722   12.464310  10.888840   8.615074   6.829393  5.403584  4.2736910  3.3333370
1956    2.936959   13.135270  11.267620   8.818147   6.988996  5.537518  4.3747570  3.4584970
1957    4.218601   17.904430  15.114250  11.721390   9.360044  7.585161  6.1638370  5.0174040
1958    3.689902   16.260100  13.656410  10.426150   8.051011  6.372341  5.1030900  4.0944690
1959    4.015447   17.677270  14.855930  11.184450   8.591414  6.666708  5.3019270  4.2742250
1960    4.259020   18.770620  15.740900  11.847810   8.965933  6.912317  5.3810640  4.3000770
1961    4.930999   21.454480  17.875250  13.442600  10.212310  7.796242  6.0666230  4.7783720
1962    4.760210   21.203580  17.608500  13.098130   9.843262  7.448776  5.6520950  4.3710810
1963    4.529595   20.780710  17.336640  12.693970   9.410695  7.023829  5.2639170  3.9527340
1964    4.957722   22.633710  18.892580  13.820010  10.168750  7.570715  5.6743240  4.2800050
1965    5.318488   24.229080  20.123020  14.730800  10.821800  7.988972  5.9649190  4.4916110
1966    5.412120   24.621060  20.321530  14.793000  10.881980  8.026806  5.9478590  4.4660960
1967    6.135085   27.175000  22.263990  16.193510  11.936680  8.902322  6.6699630  5.0408300
1968    6.820465   29.561590  23.936500  17.434840  12.842490  9.592360  7.2583300  5.5353780
1969    5.752774   26.022770  21.060170  15.068740  10.929370  7.982547  5.8901920  4.3954410
1970    5.729074   26.070290  21.292540  15.086230  10.842400  7.890919  5.7796010  4.2834610
1971    5.942291   27.388550  22.495410  16.023910  11.362620  8.155822  5.9168850  4.3208550
1972    6.187847   28.820830  23.625150  16.818280  11.989930  8.492462  6.0765950  4.3949090
1973    6.202834   29.491630  24.145630  17.020290  12.087800  8.572021  6.0186820  4.2619400
1974    7.440692   34.297940  27.836840  19.613000  13.979960 10.056310  7.2359110  5.1780510
1975    8.576732   38.691970  30.835280  21.693570  15.445690 11.132980  8.1035700  5.9174920
1976    8.792982   39.620290  31.028540  21.457000  15.210560 10.905640  7.9092900  5.7996900
1977    9.223489   41.286410  32.088250  21.804620  15.229400 10.905040  7.8971750  5.7964580
1978    3.586965   43.556970  33.638810  22.695070  15.566920 10.971850  7.9237570  5.7955780
1979    4.043217   18.196710  38.078240  25.369720  17.154830 11.757980  8.2478740  5.9123830
1980   12.289110   21.211630  15.770390  28.224230  18.995480 12.966250  8.9534460  6.3244150
1981   18.483806  167.650745  44.518270  28.339714  52.221140 36.238501 25.3799757 17.8578093
1982   22.618854   28.052181  33.034964   7.153438   4.897529  9.746244  7.3155387  5.5577225
1983   52.719961   61.498657  15.645458  16.353906   3.739161  2.660467  5.4739309  4.2491981
1984  198.675676  399.293112  72.876730  15.372299  16.556193  3.914749  2.8673170  6.0346708
1985   91.260819  448.925811 178.446615  29.209389   7.013996  8.349155  2.1560250  1.7155309
1986   94.214488  121.943182  90.113314  27.725399   5.029086  1.336674  1.7560922  0.5011224
1987  141.016019   91.698701  39.843774  30.421485  11.643618  2.334466  0.6563766  0.9036167
1988   83.517607  174.230103  39.928331  18.509531  17.274964  7.231222  1.5235292  0.4452144
1989   38.307078  174.516200  89.570903  19.553184  10.428610 10.679354  4.8299286  1.0961458
1990   33.121076   45.913576  31.365744  12.547945   2.993107  1.766047  2.0143697  1.0249222
1991   53.392507   46.130853  24.794016  18.412535   8.831726  2.226599  1.3233546  1.4966845
1992   48.424246   61.134480  30.704530  19.863483  16.348600  8.030725  1.9890891  1.1296093
1993   87.358323  173.572642  93.905494   9.857504   3.442440  3.186210  1.8858485  0.5786830
1994  134.394134   56.000919  69.250130  33.317851   3.555660  1.487534  1.4917864  0.9259159
1995   66.181847   96.179567  25.066153  24.941956  11.458741  1.502175  0.7006629  0.7585435
1996   57.760879   28.215123  36.917688   9.950205  11.026328  6.597139  0.9397959  0.4456317
1997   38.941775   28.319771  15.162799  13.625415   2.990708  3.932724  2.5903841  0.3960655
1998  131.529540   65.670592  37.070290  10.968334   8.160056  2.079947  2.8445033  1.8599067
1999  313.970642  214.919545  79.073582  29.124712   6.992276  5.774030  1.5669585  2.2266957
               9         10         11         12         13         14         15         16
1950  1.20253200 1.03395600 0.89124720 0.76939680 0.66487020 0.57511900 0.49773730 0.43097820
1951  1.63181600 1.40305900 1.20940500 1.04405600 0.90221490 0.78042410 0.67541880 0.58482790
1952  1.26204800 1.08512900 0.93535710 0.80747590 0.69777610 0.60358290 0.52237140 0.45230830
1953  1.30621000 1.12310000 0.96808740 0.83573140 0.72219290 0.62470360 0.54065030 0.46813560
1954  1.95441100 1.68043100 1.44849200 1.25045500 1.08057400 0.93470570 0.80894190 0.70044210
1955  2.61051200 2.06150800 1.77697100 1.53402400 1.32561700 1.14667000 0.99238680 0.85928200
1956  2.70085400 2.12451300 1.83562500 1.58465800 1.36937300 1.18451900 1.02514300 0.88764490
1957  4.10368000 3.32888100 2.88490900 2.49639200 2.15723900 1.86602700 1.61495500 1.39834600
1958  3.29087300 2.66315200 2.31761700 2.01156000 1.74240100 1.50719100 1.30440000 1.12944500
1959  3.46001100 2.81528300 2.50027100 2.17916200 1.89328000 1.64158900 1.42071500 1.23015900
1960  3.49018800 2.85386800 2.54808000 2.26639100 1.97729600 1.71961500 1.49177500 1.29168800
1961  3.87355000 3.20070000 2.87886300 2.57428600 2.29199100 2.00162900 1.74167000 1.51164300
1962  3.42372400 2.76664100 2.50202500 2.25385100 2.01741600 1.79798400 1.57101200 1.36764500
1963  3.02539500 2.35034100 2.11350200 1.91425000 1.72610300 1.54657700 1.37906400 1.20556300
1964  3.24439700 2.51841700 2.22428400 2.00317400 1.81613900 1.63927300 1.46953000 1.31100200
1965  3.41235400 2.61629000 2.30417500 2.03814500 1.83737500 1.66748600 1.50586900 1.35059700
1966  3.39098800 2.60876400 2.27239100 2.00433300 1.77469500 1.60147700 1.45414600 1.31384600
1967  3.87795000 3.03362400 2.65198400 2.31353500 2.04266400 1.81044300 1.63457400 1.48492000
1968  4.27256700 3.37131600 2.94639200 2.57962800 2.25266300 1.99090800 1.76547700 1.59475100
1969  3.30274600 2.51493700 2.19279100 1.91931700 1.68208600 1.47035500 1.30017100 1.15351400
1970  3.21796300 2.44401700 2.11616000 1.84788900 1.61904800 1.42035000 1.24220200 1.09896100
1971  3.19593400 2.40313900 2.08053700 1.80416800 1.57702600 1.38311100 1.21399100 1.06224300
1972  3.20237100 2.37027400 2.05769800 1.78416700 1.54871400 1.35508800 1.18907300 1.04418700
1973  3.04744100 2.19753700 1.90125700 1.65303200 1.43472800 1.24663600 1.09133700 0.95810120
1974  3.75876000 2.77739600 2.39488400 2.07513300 1.80601000 1.56907000 1.36406600 1.19471800
1975  4.31374300 3.20761000 2.76929700 2.39151700 2.07428700 1.80707900 1.57080600 1.36623700
1976  4.27433700 3.15613900 2.71560400 2.34807800 2.02978800 1.76230200 1.53607500 1.33588300
1977  4.31306500 3.23963500 2.77724800 2.39322200 2.07139700 1.79240300 1.55700100 1.35778600
1978  4.30504400 3.25385400 2.82959000 2.42940700 2.09557300 1.81558800 1.57185800 1.36608300
1979  4.28186800 3.14729700 2.75863600 2.40258200 2.06485400 1.78289600 1.54548400 1.33866200
1980  4.56466800 3.33422400 2.93103700 2.57297700 2.24312600 1.92974000 1.66709200 1.44579900
1981 12.72876333 9.17424374 8.10102259 7.13210309 6.26699101 5.46894700 4.70731300 4.06851800
1982  4.25138856 3.30734759 3.11219443 2.75238007 2.42563901 2.13357400 1.86287700 1.60421200
1983  3.34254867 2.65564679 2.53523313 2.38927302 2.11515400 1.86592500 1.64210900 1.43445400
1984  4.74884264 3.75118180 3.61780034 3.45898423 3.26307004 2.89156201 2.55217800 2.24710000
1985  3.89552170 3.28374761 3.34860538 3.23446724 3.09554904 2.92311901 2.59169100 2.28855800
1986  0.44087753 1.10887181 1.22650754 1.25267728 1.21120605 1.16036101 1.09631700 0.97247580
1987  0.26952193 0.24789186 0.76776185 0.85051275 0.86953063 0.84158620 0.80668130 0.76252000
1988  0.63317694 0.19428360 0.21870490 0.67839946 0.75226871 0.76985690 0.74550690 0.71492420
1989  0.34433762 0.52591352 0.20208186 0.22782941 0.70740291 0.78520690 0.80398970 0.77891950
1990  0.26406577 0.09498256 0.18165374 0.06990889 0.07889612 0.24521850 0.27233560 0.27898280
1991  0.74816249 0.18823617 0.07581137 0.14521051 0.05593968 0.06319418 0.19651800 0.21835330
1992  1.19984867 0.56210551 0.16934972 0.06830892 0.13097060 0.05050430 0.05708390 0.17760010
1993  0.41669598 0.56928456 0.37097567 0.11193796 0.04519656 0.08674344 0.03346734 0.03784525
1994  0.29646620 0.22250297 0.34672495 0.22629333 0.06835032 0.02762512 0.05304748 0.02047649
1995  0.50750604 0.17514379 0.15247912 0.23797364 0.15547172 0.04700620 0.01900846 0.03651862
1996  0.48412732 0.32471844 0.12715922 0.11087483 0.17321561 0.11327760 0.03426695 0.01386354
1997  0.20210988 0.23727842 0.19131921 0.07503543 0.06549192 0.10241830 0.06701348 0.02028159
1998  0.27860529 0.13872421 0.19100292 0.15424204 0.06055432 0.05290549 0.08277830 0.05418878
1999  1.49256702 0.22691192 0.14490044 0.19981078 0.16151561 0.06347308 0.05548444 0.08685472
              17          18          19          20
1950 0.373363700 0.323609700 0.280629000  1.83228000
1951 0.506646300 0.439131100 0.380807300  2.48636300
1952 0.391842300 0.339625900 0.294518000  1.92296400
1953 0.405553700 0.351510100 0.304823800  1.99025300
1954 0.606804800 0.525942500 0.456088700  2.97788900
1955 0.744410500 0.645210600 0.559516100  3.65318700
1956 0.768981700 0.666507500 0.577984400  3.77377000
1957 1.211411000 1.049977000 0.910522900  5.94497700
1958 0.978457300 0.848067900 0.735430600  4.80176600
1959 1.065707000 0.923690700 0.801009400  5.22994200
1960 1.119011000 0.969890700 0.841073300  5.49152700
1961 1.309562000 1.135048000 0.984295300  6.42665100
1962 1.187626000 1.029362000 0.892645600  5.82825200
1963 1.050042000 0.912272500 0.791107800  5.16529300
1964 1.146651000 0.999216200 0.868560200  5.67099500
1965 1.205517000 1.054904000 0.919737000  6.01938900
1966 1.178979000 1.052846000 0.921779600  6.06343900
1967 1.342339000 1.205133000 1.076754000  7.14384100
1968 1.449487000 1.310945000 1.177552000  8.03245900
1969 1.042502000 0.948003600 0.857834200  6.02669400
1970 0.975500100 0.882049500 0.802506900  5.82791200
1971 0.940234900 0.835012700 0.755407800  5.67844600
1972 0.914133500 0.809531400 0.719305200  5.54231600
1973 0.841790900 0.737304800 0.653271800  5.05297300
1974 1.049399000 0.922454100 0.808370100  6.25624300
1975 1.197235000 1.052121000 0.925321400  7.08657200
1976 1.162507000 1.019200000 0.896126200  6.82399800
1977 1.181438000 1.028605000 0.902269800  6.83441100
1978 1.191910000 1.037608000 0.903847000  6.79830700
1979 1.164015000 1.016097000 0.885011500  6.56943100
1980 1.252963000 1.090023000 0.951998500  6.98419600
1981 3.530278000 3.060848000 2.664180000 19.39725000
1982 1.387257000 1.204308000 1.044726000  7.52998600
1983 1.235920000 1.069285000 0.928753400  6.61275500
1984 1.963963000 1.692936000 1.465447000 10.33558000
1985 2.016062000 1.762849000 1.520383000 10.59820000
1986 0.859194500 0.757250500 0.662498200  4.55429900
1987 0.676740700 0.598193200 0.527494300  3.63397700
1988 0.676140700 0.600362000 0.530958000  3.69373400
1989 0.747360700 0.707143900 0.628222100  4.42074100
1990 0.270429100 0.259595900 0.245758900  1.75470300
1991 0.223800100 0.217041400 0.208456000  1.60637500
1992 0.197437100 0.202457500 0.196446400  1.64262200
1993 0.117806900 0.131027200 0.134430000  1.22112600
1994 0.023167290 0.072150770 0.080289870  0.83064770
1995 0.014103700 0.015964650 0.049745440  0.62805970
1996 0.026648280 0.010296630 0.011661350  0.49510150
1997 0.008209713 0.015788160 0.006103578  0.30039600
1998 0.016408730 0.006645221 0.012786110  0.24822020
1999 0.056886910 0.017233940 0.006983044  0.27427510
 [ reached getOption("max.print") -- omitted 20 rows ]

--- Cbam ---
[1] 2458109

--- Chat ---
[1] 506675.9

--- cpue ---
 [1] 4.345883 5.587654 2.625123 1.909853 1.933030 2.119694 2.026363 1.915805 1.533160 1.300815
[11] 1.227044 2.676484

--- cpue.dtrip ---
 [1] 4.345883 5.587654 2.625123 1.909853 1.933030 2.119694 2.026363 1.915805 1.533160 1.300815
[11] 1.227044 2.676484

--- cpue.m ---
 [1] 4.345883 5.587654 2.625123 1.909853 1.933030 2.119694 2.026363 1.915805 1.533160 1.300815
[11] 1.227044 2.676484

--- dmort.bam ---
[1] 0.234

--- dprop ---
 [1] 1.000000 1.000000 1.000000 1.000000 1.000000 1.000000 0.755851 1.000000 1.000000 1.000000
[11] 1.000000 1.000000

--- dprop.m ---
 [1] 1.000000 1.000000 1.000000 1.000000 1.000000 1.000000 0.755851 1.000000 1.000000 1.000000
[11] 1.000000 1.000000

--- dtrips ---
 [1] 13426.188 12624.455  9213.788 17897.386 24723.907 28555.768 46616.315 20530.921 13663.499
[10]  8006.963  8947.500 13061.252

--- eff ---
   month    dtrips discards.num landings.num     dprop     cpue
1      1 13426.188     57251.08   1097.55939 0.9811896 4.345883
2      2 12624.455     70474.07     67.02189 0.9990499 5.587654
3      3  9213.788     24187.32      0.00000 1.0000000 2.625123
4      4 17897.386     32647.36   1534.02297 0.9551211 1.909853
5      5 24723.907     47764.37     27.68526 0.9994207 1.933030
6      6 28555.768     59836.68    692.81853 0.9885540 2.119694
7      7 46616.315     71398.87  23062.69976 0.7558510 2.026363
8      8 20530.921     38521.44    811.80663 0.9793608 1.915805
9      9 13663.499     20948.33      0.00000 1.0000000 1.533160
10    10  8006.963     10385.90     29.67371 0.9971510 1.300815
11    11  8947.500     10865.43    113.54621 0.9896578 1.227044
12    12 13061.252     34252.98    705.25174 0.9798259 2.676484

--- eff_data ---
[1] "srfs"

--- effort ---
 [1]  65137  61247  44701  86829 119947 138537 226157  99605  66288  38846  43409  63366

--- effort.m ---
 [1]  65137  61247  44701  86829 119947 138537 226157  99605  66288  38846  43409  63366

--- Etype ---
[1] "dtrips"

--- F30 ---
[1] 0.21

--- Fa.bam ---
         1          2          3          4          5          6          7          8 
0.19182018 0.36490104 0.46341538 0.43230714 0.32104122 0.20669772 0.13098454 0.09140038 
         9         10         11         12         13         14         15         16 
0.07299229 0.06482866 0.06482886 0.06482889 0.06482889 0.06482889 0.06482889 0.06482889 
        17         18         19         20 
0.06482889 0.06482889 0.06482889 0.06482889 

--- Fa.m ---
  [1] 0.009188914 0.010425291 0.011661669 0.012898047 0.014134424 0.015370802 0.016606708
  [8] 0.017839728 0.019066944 0.020285440 0.021492298 0.022684603 0.023859437 0.025013883
 [15] 0.026145026 0.027249947 0.028325730 0.029369458 0.030378024 0.031347554 0.032273983
 [22] 0.033153248 0.033981282 0.034754023 0.035467404 0.036117362 0.036699833 0.037210751
 [29] 0.037646051 0.038001671 0.038274668 0.038466595 0.038580130 0.038617948 0.038582728
 [36] 0.038477145 0.038303877 0.038065599 0.037764990 0.037404724 0.036987481 0.036515935
 [43] 0.035993031 0.035422783 0.034809472 0.034157378 0.033470782 0.032753966 0.032011210
 [50] 0.031246796 0.030465004 0.029670114 0.028866409 0.028058169 0.027249330 0.026442451
 [57] 0.025639747 0.024843432 0.024055719 0.023278825 0.022514961 0.021766344 0.021035187
 [64] 0.020323705 0.019634112 0.018968621 0.018329001 0.017715223 0.017126815 0.016563301
 [71] 0.016024208 0.015509060 0.015017385 0.014548707 0.014102552 0.013678446 0.013275915
 [78] 0.012894484 0.012533631 0.012192646 0.011870767 0.011567236 0.011281294 0.011012181
 [85] 0.010759138 0.010521405 0.010298223 0.010088833 0.009892475 0.009708389 0.009535841
 [92] 0.009374190 0.009222819 0.009081113 0.008948453 0.008824225 0.008707811 0.008598595
 [99] 0.008495960 0.008399291 0.008307969 0.008221380 0.008139040 0.008060998 0.007987438
[106] 0.007918542 0.007854494 0.007795477 0.007741674 0.007693267 0.007650441 0.007613377
[113] 0.007582259 0.007557271 0.007538453 0.007525279 0.007517085 0.007513201 0.007512961
[120] 0.007515699 0.007520747 0.007527438 0.007535106 0.007543083 0.007550702 0.007557297
[127] 0.007562341 0.007565873 0.007568070 0.007569112 0.007569177 0.007568444 0.007567093
[134] 0.007565300 0.007563246 0.007561109 0.007559068 0.007557301 0.007555950 0.007555004
[141] 0.007554415 0.007554136 0.007554119 0.007554315 0.007554677 0.007555158 0.007555708
[148] 0.007556281 0.007556828 0.007557301 0.007557663 0.007557917 0.007558074 0.007558149
[155] 0.007558154 0.007558101 0.007558004 0.007557875 0.007557728 0.007557574 0.007557428
[162] 0.007557301 0.007557204 0.007557136 0.007557094 0.007557074 0.007557073 0.007557087
[169] 0.007557113 0.007557147 0.007557187 0.007557228 0.007557267 0.007557301 0.007557327
[176] 0.007557345 0.007557357 0.007557362 0.007557362 0.007557359 0.007557352 0.007557342
[183] 0.007557332 0.007557321 0.007557310 0.007557301 0.007557294 0.007557289 0.007557286
[190] 0.007557285 0.007557285 0.007557286 0.007557288 0.007557290 0.007557293 0.007557296
[197] 0.007557299 0.007557301 0.007557303 0.007557304 0.007557305 0.007557305 0.007557305
[204] 0.007557305 0.007557305 0.007557304 0.007557303 0.007557302 0.007557302 0.007557301
[211] 0.007557301 0.007557300 0.007557300 0.007557300 0.007557300 0.007557300 0.007557300
[218] 0.007557300 0.007557300 0.007557301 0.007557301 0.007557301 0.007557301 0.007557301
[225] 0.007557301 0.007557301 0.007557301 0.007557301 0.007557301 0.007557301 0.007557301
[232] 0.007557301 0.007557301 0.007557301 0.007557301 0.007557301 0.007557301 0.007557301
[239] 0.007557301 0.007557301

--- Fcur ---
[1] 0.4634154

--- Fcur.m ---
[1] 0.03861795

--- Ft ---
 [1] 0.053366986 0.064518051 0.022122476 0.031263074 0.043711421 0.055361256 0.086396099
 [8] 0.035974886 0.019159723 0.009526395 0.010041690 0.031973324

--- La ---
 [1] 32.39412 44.92800 54.78750 62.54326 68.64415 73.44329 77.21842 80.18804 82.52403 84.36159
[11] 85.80706 86.94411 87.83854 88.54213 89.09559 89.53095 89.87343 90.14282 90.35474 90.52144

--- La.m ---
  [1] 24.90472 26.16423 27.55257 28.76173 29.94789 31.25538 32.39412 33.51121 34.74256
 [10] 35.81498 36.86701 38.02666 39.03663 40.02739 41.11950 42.07066 43.00373 44.03224
 [19] 44.92800 45.80673 46.77535 47.61895 48.44650 49.35871 50.15318 50.93255 51.79163
 [28] 52.53984 53.27381 54.08287 54.78750 55.47874 56.24067 56.90427 57.55525 58.27282
 [37] 58.89777 59.51084 60.18662 60.77518 61.35255 61.98897 62.54326 63.08700 63.68636
 [46] 64.20837 64.72045 65.28491 65.77651 66.25877 66.79036 67.25333 67.70751 68.20814
 [55] 68.64415 69.07188 69.54335 69.95398 70.35679 70.80081 71.18752 71.56688 71.98504
 [64] 72.34923 72.70650 73.10030 73.44329 73.77975 74.15062 74.47363 74.79050 75.13977
 [73] 75.44397 75.74238 76.07132 76.35780 76.63884 76.94862 77.21842 77.48309 77.77483
 [82] 78.02892 78.27817 78.55292 78.79221 79.02695 79.28570 79.51106 79.73213 79.97581
 [91] 80.18804 80.39624 80.62573 80.82560 81.02167 81.23780 81.42603 81.61069 81.81423
[100] 81.99150 82.16540 82.35708 82.52403 82.68780 82.86833 83.02555 83.17979 83.34980
[109] 83.49787 83.64312 83.80323 83.94268 84.07947 84.23026 84.36159 84.49041 84.63242
[118] 84.75610 84.87742 85.01116 85.12763 85.24189 85.36784 85.47753 85.58514 85.70375
[127] 85.80706 85.90840 86.02010 86.11739 86.21283 86.31803 86.40965 86.49953 86.59861
[136] 86.68489 86.76954 86.86284 86.94411 87.02382 87.11169 87.18822 87.26330 87.34605
[145] 87.41812 87.48882 87.56676 87.63463 87.70122 87.77462 87.83854 87.90125 87.97037
[154] 88.03057 88.08962 88.15472 88.21141 88.26703 88.32834 88.38173 88.43411 88.49184
[163] 88.54213 88.59145 88.64583 88.69318 88.73964 88.79084 88.83544 88.87919 88.92741
[172] 88.96941 89.01062 89.05603 89.09559 89.13439 89.17716 89.21441 89.25095 89.29123
[181] 89.32631 89.36073 89.39866 89.43170 89.46411 89.49984 89.53095 89.56148 89.59512
[190] 89.62442 89.65317 89.68486 89.71245 89.73952 89.76936 89.79535 89.82085 89.84895
[199] 89.87343 89.89744 89.92390 89.94695 89.96956 89.99449 90.01620 90.03749 90.06097
[208] 90.08141 90.10146 90.12357 90.14282 90.16171 90.18253 90.20066 90.21845 90.23806
[217] 90.25513 90.27188 90.29035 90.30643 90.32221 90.33959 90.35474 90.36960 90.38597
[226] 90.40024 90.41423 90.42965 90.44308 90.45626 90.47079 90.48344 90.49585 90.50953
[235] 90.52144 90.53313 90.54601 90.55723 90.56823 90.58037

--- Ma.bam ---
 [1] 0.287 0.209 0.173 0.152 0.139 0.131 0.124 0.120 0.117 0.114 0.112 0.111 0.110 0.109 0.109
[16] 0.108 0.108 0.107 0.107 0.107

--- Ma.m ---
  [1] 0.029058208 0.027779800 0.026500374 0.025482472 0.024560414 0.023621702 0.022863262
  [8] 0.022167196 0.021449588 0.020863084 0.020319469 0.019753611 0.019287001 0.018851161
 [15] 0.018394031 0.018014405 0.017657612 0.017281090 0.016966602 0.016669530 0.016354446
 [22] 0.016090020 0.015839183 0.015572012 0.015346899 0.015132595 0.014903519 0.014709848
 [29] 0.014524915 0.014326630 0.014158501 0.013997538 0.013824495 0.013677398 0.013536250
 [36] 0.013384160 0.013254586 0.013130006 0.012995496 0.012880677 0.012770088 0.012650471
 [43] 0.012548189 0.012449522 0.012342629 0.012251088 0.012162659 0.012066723 0.011984451
 [50] 0.011904878 0.011818439 0.011744222 0.011672358 0.011594204 0.011527025 0.011461912
 [57] 0.011391026 0.011330033 0.011270862 0.011206384 0.011150854 0.011096938 0.011038137
 [64] 0.010987455 0.010938208 0.010884457 0.010838092 0.010793010 0.010743769 0.010701266
 [71] 0.010659912 0.010614715 0.010575676 0.010537672 0.010496111 0.010460192 0.010425207
 [78] 0.010386925 0.010353824 0.010321566 0.010286252 0.010255702 0.010225917 0.010193294
 [85] 0.010165059 0.010137520 0.010107345 0.010081217 0.010055723 0.010027778 0.010003572
 [92] 0.009979945 0.009954036 0.009931586 0.009909665 0.009885620 0.009864777 0.009844420
 [99] 0.009822083 0.009802715 0.009783793 0.009763024 0.009745011 0.009727408 0.009708081
[106] 0.009691314 0.009674925 0.009656927 0.009641309 0.009626039 0.009609265 0.009594707
[113] 0.009580470 0.009564828 0.009551249 0.009537967 0.009523371 0.009510697 0.009498299
[120] 0.009484671 0.009472836 0.009461255 0.009448525 0.009437467 0.009426645 0.009414747
[127] 0.009404410 0.009394292 0.009383167 0.009373499 0.009364036 0.009353628 0.009344583
[134] 0.009335727 0.009325987 0.009317520 0.009309231 0.009300111 0.009292184 0.009284421
[141] 0.009275880 0.009268455 0.009261183 0.009253181 0.009246224 0.009239409 0.009231910
[148] 0.009225389 0.009219001 0.009211971 0.009205857 0.009199868 0.009193275 0.009187542
[155] 0.009181925 0.009175741 0.009170363 0.009165093 0.009159292 0.009154246 0.009149301
[162] 0.009143858 0.009139122 0.009134481 0.009129371 0.009124926 0.009120570 0.009115773
[169] 0.009111599 0.009107509 0.009103005 0.009099086 0.009095245 0.009091015 0.009087334
[176] 0.009083727 0.009079753 0.009076296 0.009072907 0.009069174 0.009065926 0.009062742
[183] 0.009059235 0.009056183 0.009053191 0.009049895 0.009047027 0.009044215 0.009041118
[190] 0.009038422 0.009035779 0.009032868 0.009030334 0.009027850 0.009025113 0.009022731
[197] 0.009020395 0.009017822 0.009015583 0.009013387 0.009010967 0.009008861 0.009006797
[204] 0.009004522 0.009002541 0.009000600 0.008998460 0.008996598 0.008994772 0.008992760
[211] 0.008991008 0.008989290 0.008987398 0.008985750 0.008984135 0.008982355 0.008980805
[218] 0.008979285 0.008977610 0.008976152 0.008974723 0.008973147 0.008971775 0.008970430
[225] 0.008968948 0.008967658 0.008966392 0.008964997 0.008963783 0.008962592 0.008961280
[232] 0.008960138 0.008959017 0.008957782 0.008956707 0.008955653 0.008954491 0.008953479
[239] 0.008952487 0.008951393

--- Ma.m1 ---
  [1] 0.05770634 0.05516756 0.05262676 0.05060532 0.04877422 0.04691004 0.04540387 0.04402156
  [9] 0.04259647 0.04143174 0.04035218 0.03922845 0.03830182 0.03743629 0.03652848 0.03577458
 [17] 0.03506603 0.03431830 0.03369376 0.03310381 0.03247809 0.03195297 0.03145484 0.03092427
 [25] 0.03047722 0.03005163 0.02959671 0.02921210 0.02884485 0.02845108 0.02811719 0.02779754
 [33] 0.02745389 0.02716177 0.02688147 0.02657944 0.02632212 0.02607472 0.02580759 0.02557958
 [41] 0.02535996 0.02512241 0.02491929 0.02472335 0.02451107 0.02432928 0.02415367 0.02396315
 [49] 0.02379977 0.02364175 0.02347009 0.02332270 0.02317999 0.02302479 0.02289138 0.02276207
 [57] 0.02262130 0.02250017 0.02238266 0.02225462 0.02214434 0.02203727 0.02192050 0.02181985
 [65] 0.02172205 0.02161531 0.02152323 0.02143370 0.02133592 0.02125151 0.02116939 0.02107963
 [73] 0.02100210 0.02092663 0.02084410 0.02077277 0.02070329 0.02062727 0.02056153 0.02049747
 [81] 0.02042734 0.02036667 0.02030752 0.02024274 0.02018666 0.02013198 0.02007205 0.02002016
 [89] 0.01996954 0.01991404 0.01986597 0.01981905 0.01976760 0.01972301 0.01967948 0.01963173
 [97] 0.01959034 0.01954991 0.01950555 0.01946709 0.01942951 0.01938827 0.01935250 0.01931754
[105] 0.01927916 0.01924586 0.01921331 0.01917757 0.01914655 0.01911623 0.01908292 0.01905401
[113] 0.01902574 0.01899467 0.01896771 0.01894133 0.01891234 0.01888718 0.01886255 0.01883549
[121] 0.01881199 0.01878899 0.01876371 0.01874175 0.01872026 0.01869663 0.01867610 0.01865601
[129] 0.01863391 0.01861472 0.01859592 0.01857525 0.01855729 0.01853971 0.01852036 0.01850355
[137] 0.01848709 0.01846898 0.01845323 0.01843782 0.01842086 0.01840611 0.01839167 0.01837578
[145] 0.01836196 0.01834843 0.01833354 0.01832059 0.01830790 0.01829394 0.01828180 0.01826990
[153] 0.01825681 0.01824543 0.01823427 0.01822199 0.01821131 0.01820085 0.01818932 0.01817930
[161] 0.01816948 0.01815867 0.01814927 0.01814005 0.01812991 0.01812108 0.01811243 0.01810290
[169] 0.01809461 0.01808649 0.01807754 0.01806976 0.01806213 0.01805373 0.01804642 0.01803926
[177] 0.01803137 0.01802450 0.01801777 0.01801036 0.01800391 0.01799759 0.01799062 0.01798456
[185] 0.01797862 0.01797207 0.01796638 0.01796079 0.01795464 0.01794929 0.01794404 0.01793826
[193] 0.01793323 0.01792829 0.01792286 0.01791813 0.01791349 0.01790838 0.01790393 0.01789957
[201] 0.01789477 0.01789059 0.01788649 0.01788197 0.01787804 0.01787418 0.01786993 0.01786623
[209] 0.01786261 0.01785861 0.01785513 0.01785172 0.01784796 0.01784469 0.01784148 0.01783795
[217] 0.01783487 0.01783185 0.01782852 0.01782563 0.01782279 0.01781966 0.01781694 0.01781427
[225] 0.01781132 0.01780876 0.01780625 0.01780348 0.01780107 0.01779870 0.01779609 0.01779383
[233] 0.01779160 0.01778915 0.01778701 0.01778492 0.01778261 0.01778060 0.01777863 0.01777646

--- maxage ---
[1] 20

--- Mtarg ---
[1] 0.01105833

--- Na.bam ---
           1            2            3            4            5            6            7 
1018702.7400  732092.3800  401702.1600  198746.8800   87544.4160   46993.7460   25402.9520 
           8            9           10           11           12           13           14 
  13326.2118   12617.5770   12477.4166   11829.4652    9065.6003    6958.2937    4026.9352 
          15           16           17           18           19           20 
   2150.2813     833.6823     972.8005     940.2208     750.4113    1645.0993 

--- Na.calc ---
$x
  [1]   1   2   3   4   5   6   7   8   9  10  11  12  13  14  15  16  17  18  19  20  21  22
 [23]  23  24  25  26  27  28  29  30  31  32  33  34  35  36  37  38  39  40  41  42  43  44
 [45]  45  46  47  48  49  50  51  52  53  54  55  56  57  58  59  60  61  62  63  64  65  66
 [67]  67  68  69  70  71  72  73  74  75  76  77  78  79  80  81  82  83  84  85  86  87  88
 [89]  89  90  91  92  93  94  95  96  97  98  99 100 101 102 103 104 105 106 107 108 109 110
[111] 111 112 113 114 115 116 117 118 119 120 121 122 123 124 125 126 127 128 129 130 131 132
[133] 133 134 135 136 137 138 139 140 141 142 143 144 145 146 147 148 149 150 151 152 153 154
[155] 155 156 157 158 159 160 161 162 163 164 165 166 167 168 169 170 171 172 173 174 175 176
[177] 177 178 179 180 181 182 183 184 185 186 187 188 189 190 191 192 193 194 195 196 197 198
[199] 199 200 201 202 203 204 205 206 207 208 209 210 211 212 213 214 215 216 217 218 219 220
[221] 221 222 223 224 225 226 227 228 229 230 231 232 233 234 235 236 237 238 239 240

$y
  [1] 116441.69732 114585.82659 112729.95587 110874.08515 109018.21442 107162.34370
  [7] 105306.47298 103450.60225 101594.73153  99738.86081  97882.99008  96027.11936
 [13]  94171.24864  92315.37791  90459.50719  88603.63647  86747.76575  84891.89502
 [19]  83035.17357  81172.98490  79299.68035  77409.61129  75497.12906  73556.58501
 [25]  71582.33050  69568.71687  67510.09548  65400.81768  63235.23482  61007.69825
 [31]  58716.08156  56372.34726  53991.98009  51590.46481  49183.28617  46785.92890
 [37]  44413.87775  42082.61749  39807.63284  37604.40856  35488.42939  33475.18009
 [43]  31576.43976  29789.16503  28106.60685  26522.01622  25028.64411  23619.74150
 [49]  22288.55935  21028.34866  19832.36040  18693.84555  17606.05508  16562.23997
 [55]  15556.97381  14590.12065  13662.86714  12776.39993  11931.90569  11130.57106
 [61]  10373.58271   9662.12729   8997.39145   8380.56186   7812.82516   7295.36802
 [67]   6828.49544   6408.98585   6032.73602   5695.64274   5393.60278   5122.51292
 [73]   4878.26994   4656.77062   4453.91173   4265.59006   4087.70239   3916.14548
 [79]   3747.54484   3581.44083   3418.10253   3257.79902   3100.79937   2947.37266
 [85]   2797.78798   2652.31440   2511.22100   2374.77685   2243.25105   2116.91267
 [91]   1996.03489   1880.90734   1771.82378   1669.07792   1572.96353   1483.77433
 [97]   1401.80406   1327.34647   1260.69529   1202.14427   1151.98715   1110.51765
[103]   1077.82932   1053.21480   1035.76652   1024.57691   1018.73843   1017.34349
[109]   1019.48454   1024.25400   1030.74432   1038.04793   1045.25726   1051.46475
[115]   1055.94936   1058.73620   1060.03688   1060.06304   1059.02630   1057.13829
[121]   1054.61064   1051.65498   1048.48293   1045.30611   1042.33617   1039.78472
[127]   1037.78639   1036.16782   1034.67865   1033.06851   1031.08703   1028.48385
[133]   1025.00862   1020.41095   1014.44050   1006.84690    997.37977    985.78876
[139]    971.91933    956.00016    938.35577    919.31069    899.18942    878.31648
[145]    857.01640    835.61367    814.43282    793.79837    774.03482    755.46670
[151]    738.32352    722.45480    707.61506    693.55883    680.04063    666.81497
[157]    653.63639    640.25940    626.43853    611.92829    596.48320    579.85780
[163]    561.88568    542.71674    522.57996    501.70432    480.31881    458.65239
[169]    436.93406    415.39279    394.25756    373.75736    354.12116    335.57794
[175]    318.29738    302.21196    287.19487    273.11927    259.85836    247.28531
[181]    235.27330    223.69550    212.42511    201.33529    190.29923    179.19011
[187]    167.92477    156.59472    145.33514    134.28119    123.56806    113.33092
[193]    103.70493     94.82529     86.82715     79.84569     74.01609     69.47352
[199]     66.30485     64.40366     63.61525     63.78491     64.75791     66.37955
[205]     68.49511     70.94987     73.58913     76.25816     78.80226     81.06671
[211]     82.92471     84.36113     85.38877     86.02039     86.26881     86.14679
[217]     85.66713     84.84261     83.68603     82.21016     80.42780     78.35173
[223]     76.01057     73.49624     70.91649     68.37909     65.99177     63.86229
[229]     62.09841     60.80788     60.09844     60.07786     60.85389     62.53427
[235]     65.19472     68.78279     73.21395     78.40373     84.26761     90.72110


--- Na.spline ---
Call:
smooth.spline(x = (ages + 0.5) * 12, y = (Na.bam/12))

Smoothing Parameter  spar= -0.7595483  lambda= 3.293834e-13 (16 iterations)
Equivalent Degrees of Freedom (Df): 20
Penalized Criterion (RSS): 1.645477e-08
GCV: 1020082

--- nages ---
[1] 20

--- ntsteps ---
[1] 12

--- nyrs ---
[1] 1

--- obj ---
[1] "obj"

--- q ---
[1] 4.851442

--- qF.base ---
[1] 4.396443e-07

--- qF.m ---
 [1] 8.193037e-07 1.053408e-06 4.948989e-07 3.600534e-07 3.644228e-07 3.996135e-07
 [7] 3.820182e-07 3.611755e-07 2.890376e-07 2.452349e-07 2.313274e-07 5.045817e-07

--- qU.base ---
[1] 8.80769e-07

--- qU.m ---
 [1] 1.641366e-06 2.110362e-06 9.914644e-07 7.213192e-07 7.300728e-07 8.005727e-07
 [7] 7.653229e-07 7.235673e-07 5.790485e-07 4.912956e-07 4.634337e-07 1.010863e-06

--- Rbiascor ---
[1] 1.140288

--- Ro ---
[1] 436868.5

--- Rsigma ---
[1] 0.5124071

--- selex.bam ---
        1         2         3         4         5         6         7         8         9 
0.4044770 0.7728465 1.0000000 0.9609034 0.7383404 0.4991523 0.3393136 0.2554727 0.2163426 
       10        11        12        13        14        15        16        17        18 
0.1988668 0.1988675 0.1988676 0.1988676 0.1988676 0.1988676 0.1988676 0.1988676 0.1988676 
       19        20 
0.1988676 0.1988676 

--- selex.m ---
  [1] 0.2379441 0.2699597 0.3019754 0.3339910 0.3660066 0.3980222 0.4300257 0.4619543
  [9] 0.4937327 0.5252853 0.5565365 0.5874109 0.6178328 0.6477269 0.6770175 0.7056291
 [17] 0.7334861 0.7605132 0.7866297 0.8117354 0.8357250 0.8584932 0.8799349 0.8999448
 [25] 0.9184176 0.9352481 0.9503310 0.9635610 0.9748330 0.9840417 0.9911108 0.9960807
 [33] 0.9990207 1.0000000 0.9990880 0.9963539 0.9918672 0.9856971 0.9779129 0.9685839
 [41] 0.9577795 0.9455690 0.9320286 0.9172622 0.9013807 0.8844949 0.8667157 0.8481540
 [49] 0.8289205 0.8091263 0.7888820 0.7682986 0.7474869 0.7265577 0.7056131 0.6847192
 [57] 0.6639334 0.6433131 0.6229155 0.6027981 0.5830181 0.5636328 0.5446998 0.5262761
 [65] 0.5084193 0.4911867 0.4746239 0.4587303 0.4434937 0.4289016 0.4149420 0.4016024
 [73] 0.3888706 0.3767343 0.3651813 0.3541992 0.3437758 0.3338987 0.3245546 0.3157248
 [81] 0.3073899 0.2995301 0.2921257 0.2851571 0.2786046 0.2724486 0.2666694 0.2612473
 [89] 0.2561626 0.2513958 0.2469277 0.2427418 0.2388221 0.2351526 0.2317175 0.2285006
 [97] 0.2254861 0.2226580 0.2200003 0.2174971 0.2151323 0.2128901 0.2107580 0.2087371
[105] 0.2068323 0.2050482 0.2033897 0.2018615 0.2004683 0.1992148 0.1981058 0.1971461
[113] 0.1963403 0.1956932 0.1952059 0.1948648 0.1946526 0.1945520 0.1945458 0.1946167
[121] 0.1947475 0.1949207 0.1951193 0.1953258 0.1955231 0.1956939 0.1958245 0.1959160
[129] 0.1959729 0.1959998 0.1960015 0.1959826 0.1959476 0.1959011 0.1958480 0.1957926
[137] 0.1957398 0.1956940 0.1956590 0.1956345 0.1956193 0.1956121 0.1956116 0.1956167
[145] 0.1956261 0.1956385 0.1956528 0.1956676 0.1956817 0.1956940 0.1957034 0.1957099
[153] 0.1957140 0.1957160 0.1957161 0.1957147 0.1957122 0.1957089 0.1957051 0.1957011
[161] 0.1956973 0.1956940 0.1956915 0.1956897 0.1956886 0.1956881 0.1956881 0.1956885
[169] 0.1956891 0.1956900 0.1956910 0.1956921 0.1956931 0.1956940 0.1956947 0.1956952
[177] 0.1956954 0.1956956 0.1956956 0.1956955 0.1956953 0.1956951 0.1956948 0.1956945
[185] 0.1956942 0.1956940 0.1956938 0.1956937 0.1956936 0.1956936 0.1956936 0.1956936
[193] 0.1956937 0.1956937 0.1956938 0.1956939 0.1956939 0.1956940 0.1956941 0.1956941
[201] 0.1956941 0.1956941 0.1956941 0.1956941 0.1956941 0.1956941 0.1956941 0.1956940
[209] 0.1956940 0.1956940 0.1956940 0.1956940 0.1956940 0.1956940 0.1956940 0.1956940
[217] 0.1956940 0.1956940 0.1956940 0.1956940 0.1956940 0.1956940 0.1956940 0.1956940
[225] 0.1956940 0.1956940 0.1956940 0.1956940 0.1956940 0.1956940 0.1956940 0.1956940
[233] 0.1956940 0.1956940 0.1956940 0.1956940 0.1956940 0.1956940 0.1956940 0.1956940

--- smspl ---
Call:
smooth.spline(x = (ages - 0.5) * 12, y = selex.bam)

Smoothing Parameter  spar= -0.6881501  lambda= 1.080316e-12 (16 iterations)
Equivalent Degrees of Freedom (Df): 20
Penalized Criterion (RSS): 8.110532e-18
GCV: 4.679675e-05

--- spawn ---
 [1] 7.605863e-03 3.603443e-02 1.094629e-01 2.132047e-01 2.662605e-01 2.132047e-01
 [7] 1.094629e-01 3.603443e-02 7.605863e-03 1.029342e-03 8.932043e-05 4.969610e-06

--- spawn.m ---
 [1] 7.605863e-03 3.603443e-02 1.094629e-01 2.132047e-01 2.662605e-01 2.132047e-01
 [7] 1.094629e-01 3.603443e-02 7.605863e-03 1.029342e-03 8.932043e-05 4.969610e-06

--- surv0 ---
  [1] 1.00000000 0.97135992 0.94474710 0.92003977 0.89689108 0.87513137 0.85470152 0.83538195
  [9] 0.81706761 0.79972847 0.78321652 0.76746257 0.75245117 0.73807770 0.72429440 0.71109349
 [17] 0.69839825 0.68617445 0.67441847 0.66307241 0.65211092 0.64153274 0.63129307 0.62137267
 [25] 0.61177160 0.60245448 0.59340641 0.58462814 0.57609129 0.56778409 0.55970765 0.55183887
 [33] 0.54416829 0.53669720 0.52940655 0.52228866 0.51534484 0.50855922 0.50192548 0.49544491
 [41] 0.48910417 0.48289798 0.47682757 0.47088163 0.46505572 0.45935099 0.45375777 0.44827229
 [49] 0.44289562 0.43761944 0.43244052 0.42735983 0.42237018 0.41746879 0.41265652 0.40792713
 [57] 0.40327820 0.39871051 0.39421860 0.38980036 0.38545649 0.38118220 0.37697563 0.37283740
 [65] 0.36876329 0.36475166 0.36080306 0.35691376 0.35308230 0.34930917 0.34559105 0.34192665
 [73] 0.33831639 0.33475732 0.33124827 0.32778964 0.32437877 0.32101462 0.31769752 0.31442511
 [81] 0.31119644 0.30801180 0.30486906 0.30176739 0.29870701 0.29568601 0.29270363 0.28976008
 [89] 0.28685362 0.28398355 0.28115006 0.27835157 0.27558746 0.27285786 0.27016136 0.26749737
 [97] 0.26486602 0.26226602 0.25969683 0.25715855 0.25465002 0.25217072 0.24972075 0.24729904
[105] 0.24490512 0.24253907 0.24019990 0.23788719 0.23560099 0.23334040 0.23110503 0.22889492
[113] 0.22670924 0.22454763 0.22241011 0.22029593 0.21820474 0.21613656 0.21409069 0.21206682
[121] 0.21006495 0.20808443 0.20612498 0.20418657 0.20226863 0.20037088 0.19849329 0.19663533
[129] 0.19479673 0.19297746 0.19117704 0.18939521 0.18763194 0.18588676 0.18415945 0.18244996
[137] 0.18075788 0.17908297 0.17742520 0.17578417 0.17415966 0.17255165 0.17095975 0.16938377
[145] 0.16782366 0.16627908 0.16474983 0.16323588 0.16173689 0.16025269 0.15878322 0.15732819
[153] 0.15588743 0.15446088 0.15304827 0.15164942 0.15026429 0.14889261 0.14753423 0.14618909
[161] 0.14485695 0.14353765 0.14223115 0.14093720 0.13965567 0.13838651 0.13712949 0.13588447
[169] 0.13465141 0.13343009 0.13222039 0.13102225 0.12983548 0.12865994 0.12749560 0.12634225
[177] 0.12519979 0.12406815 0.12294717 0.12183672 0.12073676 0.11964712 0.11856768 0.11749840
[185] 0.11643912 0.11538973 0.11435018 0.11332031 0.11230004 0.11128930 0.11028795 0.10929590
[193] 0.10831309 0.10733939 0.10637471 0.10541898 0.10447210 0.10353395 0.10260450 0.10168362
[201] 0.10077122 0.09986725 0.09897160 0.09808419 0.09720495 0.09633379 0.09547062 0.09461538
[209] 0.09376798 0.09292834 0.09209641 0.09127208 0.09045528 0.08964597 0.08884404 0.08804943
[217] 0.08726208 0.08648190 0.08570884 0.08494282 0.08418377 0.08343162 0.08268633 0.08194780
[225] 0.08121598 0.08049082 0.07977223 0.07906016 0.07835455 0.07765534 0.07696245 0.07627585
[233] 0.07559546 0.07492123 0.07425310 0.07359100 0.07293489 0.07228471 0.07164040 0.07100190

--- survF ---
  [1] 1.000000000 0.962475063 0.926397183 0.891710049 0.858134206 0.825563073 0.793991823
  [8] 0.763263404 0.733330340 0.704212204 0.675823003 0.648148246 0.621217481 0.594984166
 [15] 0.569449297 0.544643086 0.520539795 0.497145629 0.474486161 0.452545280 0.431328828
 [22] 0.410855804 0.391113987 0.372105933 0.353842728 0.336311644 0.319509908 0.303440314
 [29] 0.288087523 0.273443048 0.259502170 0.246246212 0.233660163 0.221730602 0.210433101
 [36] 0.199746451 0.189651374 0.180121036 0.171131701 0.162661761 0.154684500 0.147176123
 [43] 0.140115009 0.133476090 0.127236818 0.121376581 0.115872389 0.110703566 0.105851309
 [50] 0.101295268 0.097017175 0.093000473 0.089227585 0.085682746 0.082351700 0.079219521
 [57] 0.076272952 0.073500162 0.070888920 0.068428374 0.066108832 0.063920271 0.061853783
 [64] 0.059901403 0.058054880 0.056306865 0.054650774 0.053079792 0.051587947 0.050170012
 [71] 0.048820627 0.047535119 0.046309402 0.045139240 0.044020946 0.042951299 0.041926927
 [78] 0.040944895 0.040002651 0.039097490 0.038227076 0.037389393 0.036582285 0.035803903
 [85] 0.035052657 0.034326829 0.033624948 0.032945765 0.032287904 0.031650201 0.031031671
 [92] 0.030431215 0.029847908 0.029280973 0.028729521 0.028192813 0.027670234 0.027161069
 [99] 0.026664728 0.026180729 0.025708498 0.025247568 0.024797564 0.024358025 0.023928566
[106] 0.023508862 0.023098498 0.022697123 0.022304440 0.021920073 0.021543701 0.021175054
[113] 0.020813789 0.020459616 0.020112286 0.019771493 0.019436989 0.019108580 0.018786031
[120] 0.018469160 0.018157831 0.017851872 0.017551153 0.017255588 0.016965052 0.016679462
[127] 0.016398766 0.016122879 0.015851738 0.015585297 0.015323465 0.015066174 0.014813368
[134] 0.014564956 0.014320862 0.014081024 0.013845351 0.013613762 0.013386193 0.013162549
[141] 0.012942755 0.012726748 0.012514442 0.012305767 0.012100666 0.011899063 0.011700892
[148] 0.011506101 0.011314621 0.011126392 0.010941366 0.010759479 0.010580676 0.010404912
[155] 0.010232125 0.010062265 0.009895285 0.009731130 0.009569750 0.009411102 0.009255132
[162] 0.009101794 0.008951045 0.008802837 0.008657122 0.008513864 0.008373014 0.008234530
[169] 0.008098375 0.007964504 0.007832878 0.007703462 0.007576214 0.007451095 0.007328074
[176] 0.007207110 0.007088169 0.006971217 0.006856220 0.006743142 0.006631954 0.006522620
[183] 0.006415109 0.006309393 0.006205438 0.006103214 0.006002694 0.005903846 0.005806642
[190] 0.005711057 0.005617060 0.005524625 0.005433726 0.005344337 0.005256431 0.005169986
[197] 0.005084974 0.005001372 0.004919157 0.004838304 0.004758791 0.004680595 0.004603694
[204] 0.004528066 0.004453691 0.004380546 0.004308610 0.004237865 0.004168290 0.004099864
[211] 0.004032569 0.003966386 0.003901296 0.003837281 0.003774323 0.003712404 0.003651507
[218] 0.003591614 0.003532710 0.003474777 0.003417799 0.003361761 0.003306646 0.003252439
[225] 0.003199126 0.003146691 0.003095119 0.003044396 0.002994509 0.002945443 0.002897184
[232] 0.002849720 0.002803037 0.002757121 0.002711961 0.002667543 0.002623856 0.002580887
[239] 0.002538625 0.002497057

--- tot_harvest ---
[1] 42351.5

--- tot_releases ---
[1] 2542364

--- Ucur ---
[1] 0.9283913

--- Ut ---
 [1] 0.10691369 0.12925337 0.04431945 0.06263143 0.08757004 0.11090894 0.17308314 0.07207092
 [9] 0.03838397 0.01908487 0.02011719 0.06405432

--- Wa.m ---
  [1]   241.1937   279.5314   326.2636   370.9716   418.6190   475.6736   529.3927   585.8714
  [9]   652.6204   714.7226   779.3481   854.9632   924.6686   996.6263  1080.1574  1156.5971
 [17]  1235.0007  1325.4351  1407.6999  1491.6351  1587.9426  1675.1183  1763.6754  1864.8405
 [25]  1956.0342  2048.3311  2153.3771  2247.7354  2342.9346  2450.9389  2547.6609  2644.9797
 [33]  2755.0849  2853.4294  2952.1471  3063.5670  3162.8573  3262.3181  3374.3401  3473.9654
 [41]  3573.5796  3685.5655  3784.9805  3884.2236  3995.6078  4094.3311  4192.7415  4303.0281
 [49]  4400.6393  4497.8155  4606.5745  4702.7108  4798.3073  4905.1709  4999.5228  5093.2466
 [57]  5197.9039  5290.2115  5381.8174  5484.0100  5574.0584  5663.3454  5762.8625  5850.4779
 [65]  5937.2843  6033.9583  6119.0039  6203.2037  6296.9056  6379.2773  6460.7764  6551.4115
 [73]  6631.0349  6709.7673  6797.2712  6874.0975  6950.0222  7034.3574  7108.3605  7181.4580
 [81]  7262.6101  7333.7837  7404.0534  7482.0284  7550.3833  7617.8409  7692.6619  7758.2234
 [89]  7822.8983  7894.6034  7957.4091  8019.3427  8087.9821  8148.0803  8207.3236  8272.9582
 [97]  8330.4055  8387.0177  8449.7166  8504.5768  8558.6236  8618.4631  8670.8056  8722.3580
[105]  8779.4194  8829.3182  8878.4511  8932.8201  8980.3522  9027.1437  9078.9090  9124.1538
[113]  9168.6839  9217.9361  9260.9748  9303.3248  9350.1557  9391.0701  9431.3220  9475.8240
[121]  9514.6961  9552.9319  9595.1971  9632.1086  9668.4099  9708.5297  9743.5616  9778.0090
[129]  9816.0736  9849.3058  9881.9786  9918.0769  9949.5877  9980.5639 10014.7828 10044.6488
[137] 10074.0044 10106.4288 10134.7249 10162.5341 10193.2466 10220.0455 10246.3803 10275.4610
[145] 10300.8332 10325.7634 10353.2901 10377.3038 10400.8969 10426.9446 10449.6657 10471.9868
[153] 10496.6278 10518.1199 10539.2318 10562.5358 10582.8600 10602.8229 10624.8568 10644.0718
[161] 10662.9438 10683.7719 10701.9340 10719.7706 10739.4545 10756.6176 10773.4720 10792.0707
[169] 10808.2864 10824.2095 10841.7793 10857.0970 10872.1374 10888.7323 10903.1991 10917.4032
[177] 10933.0745 10946.7354 10960.1475 10974.9441 10987.8419 11000.5042 11014.4729 11026.6484
[185] 11038.6011 11051.7863 11063.2783 11074.5595 11087.0035 11097.8490 11108.4951 11120.2380
[193] 11130.4721 11140.5177 11151.5977 11161.2537 11170.7315 11181.1849 11190.2945 11199.2356
[201] 11209.0968 11217.6900 11226.1240 11235.4256 11243.5309 11251.4858 11260.2588 11267.9032
[209] 11275.4055 11283.6791 11290.8882 11297.9632 11305.7652 11312.5632 11319.2346 11326.5914
[217] 11333.0013 11339.2916 11346.2281 11352.2716 11358.2022 11364.7419 11370.4396 11376.0307
[225] 11382.1959 11387.5672 11392.8380 11398.6498 11403.7132 11408.6817 11414.1600 11418.9328
[233] 11423.6160 11428.7798 11433.2784 11437.6925 11442.5596 11446.7995 11450.9599 11455.5470

--- Za.bam ---
        1         2         3         4         5         6         7         8         9 
0.4788202 0.5739010 0.6364154 0.5843071 0.4600412 0.3376977 0.2549845 0.2114004 0.1899923 
       10        11        12        13        14        15        16        17        18 
0.1788287 0.1768289 0.1758289 0.1748289 0.1738289 0.1738289 0.1728289 0.1728289 0.1718289 
       19        20 
0.1718289 0.1718289 

--- Za.m ---
  [1] 0.03824712 0.03820509 0.03816204 0.03838052 0.03869484 0.03899250 0.03946997 0.04000692
  [9] 0.04051653 0.04114852 0.04181177 0.04243821 0.04314644 0.04386504 0.04453906 0.04526435
 [17] 0.04598334 0.04665055 0.04734463 0.04801708 0.04862843 0.04924327 0.04982046 0.05032603
 [25] 0.05081430 0.05124996 0.05160335 0.05192060 0.05217097 0.05232830 0.05243317 0.05246413
 [33] 0.05240462 0.05229535 0.05211898 0.05186130 0.05155846 0.05119561 0.05076049 0.05028540
 [41] 0.04975757 0.04916641 0.04854122 0.04787230 0.04715210 0.04640847 0.04563344 0.04482069
 [49] 0.04399566 0.04315167 0.04228344 0.04141434 0.04053877 0.03965237 0.03877636 0.03790436
 [57] 0.03703077 0.03617346 0.03532658 0.03448521 0.03366582 0.03286328 0.03207332 0.03131116
 [65] 0.03057232 0.02985308 0.02916709 0.02850823 0.02787058 0.02726457 0.02668412 0.02612377
 [73] 0.02559306 0.02508638 0.02459866 0.02413864 0.02370112 0.02328141 0.02288746 0.02251421
 [81] 0.02215702 0.02182294 0.02150721 0.02120548 0.02092420 0.02065893 0.02040557 0.02017005
 [89] 0.01994820 0.01973617 0.01953941 0.01935413 0.01917686 0.01901270 0.01885812 0.01870984
 [97] 0.01857259 0.01844302 0.01831804 0.01820201 0.01809176 0.01798440 0.01788405 0.01778841
[105] 0.01769552 0.01760986 0.01752942 0.01745240 0.01738298 0.01731931 0.01725971 0.01720808
[113] 0.01716273 0.01712210 0.01708970 0.01706325 0.01704046 0.01702390 0.01701126 0.01700037
[121] 0.01699358 0.01698869 0.01698363 0.01698055 0.01697735 0.01697204 0.01696675 0.01696017
[129] 0.01695124 0.01694261 0.01693321 0.01692207 0.01691168 0.01690103 0.01688923 0.01687863
[137] 0.01686830 0.01685741 0.01684813 0.01683943 0.01683030 0.01682259 0.01681530 0.01680750
[145] 0.01680090 0.01679457 0.01678762 0.01678167 0.01677583 0.01676927 0.01676352 0.01675778
[153] 0.01675135 0.01674569 0.01674008 0.01673384 0.01672837 0.01672297 0.01671702 0.01671182
[161] 0.01670673 0.01670116 0.01669633 0.01669162 0.01668647 0.01668200 0.01667764 0.01667286
[169] 0.01666871 0.01666466 0.01666019 0.01665631 0.01665251 0.01664832 0.01664466 0.01664107
[177] 0.01663711 0.01663366 0.01663027 0.01662653 0.01662328 0.01662008 0.01661657 0.01661350
[185] 0.01661050 0.01660720 0.01660432 0.01660150 0.01659840 0.01659571 0.01659306 0.01659015
[193] 0.01658762 0.01658514 0.01658241 0.01658003 0.01657769 0.01657512 0.01657289 0.01657069
[201] 0.01656827 0.01656617 0.01656410 0.01656183 0.01655985 0.01655790 0.01655576 0.01655390
[209] 0.01655207 0.01655006 0.01654831 0.01654659 0.01654470 0.01654305 0.01654143 0.01653965
[217] 0.01653810 0.01653659 0.01653491 0.01653345 0.01653202 0.01653045 0.01652908 0.01652773
[225] 0.01652625 0.01652496 0.01652369 0.01652230 0.01652108 0.01651989 0.01651858 0.01651744
[233] 0.01651632 0.01651508 0.01651401 0.01651295 0.01651179 0.01651078 0.01650979 0.01650869
